\begin{tabular}{lrrrr}
\toprule
tweet\_lang &     lv &    ru &    en &  total \\
topic\_id &        &       &       &        \\
\midrule
LV001    &  86.0\% &  9.6\% &  4.4\% &   9723 \\
LV002    &  88.8\% &  0.9\% & 10.2\% &    215 \\
LV003    &  88.9\% &  6.7\% &  4.5\% &   2962 \\
LV004    & 100.0\% &  0.0\% &  0.0\% &    225 \\
LV005    &  94.5\% &  2.4\% &  3.1\% &  26837 \\
LV006    &  86.5\% &  4.6\% &  8.8\% &   3632 \\
LV007    &  77.2\% & 14.3\% &  8.5\% &   1467 \\
LV008    &  95.3\% &  4.0\% &  0.7\% &   7516 \\
LV009    &  84.5\% &  4.9\% & 10.6\% &   2030 \\
LV010    &  85.4\% & 11.8\% &  2.8\% &   1264 \\
LV011    &  82.6\% & 15.0\% &  2.3\% &   1066 \\
LV012    &  94.6\% &  3.4\% &  2.0\% &    496 \\
LV013    &  94.0\% &  6.0\% &  0.0\% &    784 \\
LV014    &  89.1\% &  1.8\% &  9.1\% &   1022 \\
LV015    &  98.1\% &  1.9\% &  0.0\% &   1196 \\
LV016    &  86.3\% &  1.5\% & 12.2\% &   6407 \\
\bottomrule
\end{tabular}
