\begin{tabular}{lrrrr}
\toprule
tweet\_lang &     lv &    ru &    en &  total \\
topic\_id &        &       &       &        \\
\midrule
LV001    &  87.3\% &  1.8\% & 10.9\% &   7303 \\
LV002    &  94.7\% &  2.5\% &  2.8\% &  25604 \\
LV003    &  89.1\% &  6.8\% &  4.0\% &   3011 \\
LV004    &  85.4\% &  4.6\% & 10.0\% &   2054 \\
LV005    &  93.6\% &  4.1\% &  2.3\% &   7363 \\
LV006    &  86.2\% &  9.8\% &  4.0\% &   9305 \\
LV007    &  98.1\% &  1.9\% &  0.0\% &   1143 \\
LV008    &  85.4\% & 12.9\% &  1.7\% &   1183 \\
LV009    &  87.1\% &  7.9\% &  5.0\% &   2162 \\
LV010    &  90.3\% &  1.9\% &  7.8\% &    958 \\
LV011    &  93.7\% &  6.3\% &  0.0\% &    734 \\
LV012    &  87.4\% &  4.7\% &  7.9\% &   3412 \\
LV013    &  77.7\% & 14.4\% &  7.9\% &   1374 \\
LV014    &  94.4\% &  3.5\% &  2.1\% &    479 \\
LV015    &  89.8\% &  1.0\% &  9.1\% &    197 \\
LV016    & 100.0\% &  0.0\% &  0.0\% &    209 \\
\bottomrule
\end{tabular}
