\begin{tabular}{llrrrr}
\toprule
TopicID  & Title &  Latvian & Russian & English &  Tweets \\
\midrule
LV001    &  85.9\% &  9.6\% &  4.4\% &   9721 \\
LV002    &  88.8\% &  0.9\% & 10.2\% &    215 \\
LV003    &  88.9\% &  6.7\% &  4.4\% &   2968 \\
LV004    & 100.0\% &  0.0\% &  0.0\% &    225 \\
LV005    &  94.5\% &  2.4\% &  3.1\% &  26838 \\
LV006    &  86.5\% &  4.6\% &  8.9\% &   3632 \\
LV007    &  77.2\% & 14.4\% &  8.5\% &   1463 \\
LV008    &  95.3\% &  4.0\% &  0.7\% &   7518 \\
LV009    &  84.7\% &  4.9\% & 10.4\% &   2062 \\
LV010    &  85.5\% & 11.6\% &  2.9\% &   1290 \\
LV011    &  84.0\% & 13.9\% &  2.2\% &   1154 \\
LV012    &  94.6\% &  3.4\% &  2.0\% &    496 \\
LV013    &  94.0\% &  6.0\% &  0.0\% &    783 \\
LV014    &  89.1\% &  1.8\% &  9.1\% &   1022 \\
LV015    &  98.1\% &  1.9\% &  0.0\% &   1200 \\
LV016    &  86.5\% &  1.4\% & 12.1\% &   6804 \\
\bottomrule
\end{tabular}
