\begin{tabular}{lrrrr}
\toprule
tweet\_lang &     lv &    ru &    en &  total \\
topic\_id &        &       &       &        \\
\midrule
LV001    &  87.2\% &  1.8\% & 11.0\% &   7262 \\
LV002    &  94.7\% &  2.5\% &  2.8\% &  25664 \\
LV003    &  89.1\% &  6.8\% &  4.1\% &   2947 \\
LV004    &  85.7\% &  4.7\% &  9.7\% &   2038 \\
LV005    &  95.4\% &  4.1\% &  0.5\% &   7185 \\
LV006    &  86.2\% &  9.8\% &  4.0\% &   9301 \\
LV007    &  98.1\% &  1.9\% &  0.0\% &   1140 \\
LV008    &  85.4\% & 12.9\% &  1.7\% &   1183 \\
LV009    &  87.1\% &  7.9\% &  5.0\% &   2163 \\
LV010    &  90.2\% &  1.9\% &  7.9\% &    948 \\
LV011    &  93.7\% &  6.3\% &  0.0\% &    734 \\
LV012    &  87.2\% &  4.7\% &  8.1\% &   3425 \\
LV013    &  77.3\% & 14.3\% &  8.3\% &   1380 \\
LV014    &  94.4\% &  3.5\% &  2.1\% &    479 \\
LV015    &  89.8\% &  1.0\% &  9.1\% &    197 \\
LV016    & 100.0\% &  0.0\% &  0.0\% &    209 \\
\bottomrule
\end{tabular}
