\begin{tabular}{lrrrr}
\toprule
tweet\_lang &     lv &    ru &    en &  total \\
topic\_id &        &       &       &        \\
\midrule
LV001    &  87.2\% &  1.8\% & 11.0\% &   7536 \\
LV002    &  94.7\% &  2.5\% &  2.8\% &  25693 \\
LV003    &  89.2\% &  6.9\% &  4.0\% &   3136 \\
LV004    &  85.2\% &  5.1\% &  9.7\% &   2117 \\
LV005    &  93.5\% &  4.1\% &  2.3\% &   7371 \\
LV006    &  86.1\% & 10.0\% &  3.9\% &   9331 \\
LV007    &  79.7\% &  1.6\% & 18.7\% &   1459 \\
LV008    &  84.8\% & 12.9\% &  2.3\% &   1193 \\
LV009    &  86.9\% &  8.1\% &  5.0\% &   2175 \\
LV010    &  90.3\% &  1.9\% &  7.8\% &    959 \\
LV011    &  74.3\% &  5.4\% & 20.3\% &    936 \\
LV012    &  87.3\% &  4.8\% &  7.9\% &   3421 \\
LV013    &  77.6\% & 14.5\% &  7.9\% &   1383 \\
LV014    &  94.4\% &  3.5\% &  2.1\% &    479 \\
LV015    &  89.8\% &  1.0\% &  9.1\% &    197 \\
LV016    & 100.0\% &  0.0\% &  0.0\% &    219 \\
\bottomrule
\end{tabular}
