\begin{tabular}{lrrrr}
\toprule
tweet\_lang &     lv &    ru &    en &  total \\
topic\_id &        &       &       &        \\
\midrule
LV001    &  85.9\% &  9.7\% &  4.4\% &   9726 \\
LV002    &  88.8\% &  0.9\% & 10.2\% &    215 \\
LV003    &  91.1\% &  6.4\% &  2.5\% &   2505 \\
LV004    & 100.0\% &  0.0\% &  0.0\% &    225 \\
LV005    &  95.3\% &  1.7\% &  3.0\% &  26304 \\
LV006    &  86.5\% &  4.6\% &  8.8\% &   3617 \\
LV007    &  77.0\% & 14.5\% &  8.5\% &   1467 \\
LV008    &  95.3\% &  4.0\% &  0.7\% &   7517 \\
LV009    &  85.1\% &  4.7\% & 10.2\% &   1968 \\
LV010    &  85.5\% & 11.5\% &  3.0\% &   1239 \\
LV011    &  82.5\% & 15.1\% &  2.3\% &   1065 \\
LV012    &  94.6\% &  3.4\% &  2.0\% &    496 \\
LV013    &  93.4\% &  6.6\% &  0.0\% &    789 \\
LV014    &  92.2\% &  2.7\% &  5.1\% &    665 \\
LV015    &  98.0\% &  2.0\% &  0.0\% &   1194 \\
LV016    &  86.4\% &  1.5\% & 12.1\% &   6333 \\
\bottomrule
\end{tabular}
