\begin{tabular}{llrrrr}
\toprule
TopicID  & Title &  Latvian & Russian & English &  Tweets \\
\midrule
LV001    &  85.9\% &  9.6\% &  4.4\% &   9720 \\
LV002    &  88.8\% &  0.9\% & 10.2\% &    215 \\
LV003    &  88.9\% &  6.6\% &  4.4\% &   2984 \\
LV004    & 100.0\% &  0.0\% &  0.0\% &    225 \\
LV005    &  94.5\% &  2.4\% &  3.1\% &  26937 \\
LV006    &  86.5\% &  4.6\% &  8.9\% &   3640 \\
LV007    &  77.2\% & 14.3\% &  8.5\% &   1464 \\
LV008    &  95.4\% &  4.0\% &  0.7\% &   7537 \\
LV009    &  84.8\% &  4.9\% & 10.4\% &   2074 \\
LV010    &  86.6\% &  7.8\% &  5.7\% &   2307 \\
LV011    &  85.0\% & 13.0\% &  2.0\% &   1248 \\
LV012    &  94.6\% &  3.4\% &  2.0\% &    496 \\
LV013    &  94.0\% &  6.0\% &  0.0\% &    783 \\
LV014    &  89.1\% &  1.8\% &  9.1\% &   1022 \\
LV015    &  98.1\% &  1.9\% &  0.0\% &   1208 \\
LV016    &  87.0\% &  1.7\% & 11.2\% &   7493 \\
\bottomrule
\end{tabular}
